80
0 6000000182 6000000029
1 6000000089 6000000014
2 6000000066 6000000124
3 3500000112 3500000164
4 3500000040 3500000081
5 3500000130 3500000011
6 2250000049 2250000095
7 2250000162 2250000088
8 2250000011 2250000037
9 1625000104 1625000003
10 1625000101 1625000199
11 1625000147 1625000165
12 1312500030 1312500178
13 1312500082 1312500187
14 1312500071 1312500127
15 1156250056 1156250132
16 1156250128 1156250052
17 1156250077 1156250164
18 1078125067 1078125159
19 1078125075 1078125073
20 1078125015 1078125134
21 1039062564 1039062571
22 1039062537 1039062534
23 1039062676 1039062643
24 1019531440 1019531317
25 1019531253 1019531379
26 1019531349 1019531298
27 1009765794 1009765713
28 1009765823 1009765807
29 1009765683 1009765703
30 1004882907 1004882827
31 1004882993 1004882936
32 1004882867 1004883003
33 1002441522 1002441598
34 1002441580 1002441559
35 1002441443 1002441477
36 1001220903 1001220866
37 1001220846 1001220706
38 1001220819 1001220770
39 164 46
40 8 176
41 177 167
42 154 28
43 125 16
44 86 6
45 65 54
46 121 186
47 84 90
48 184 95
49 78 1
50 194 14
51 134 96
52 178 73
53 111 184
54 100 174
55 31 5
56 107 159
57 90 53
58 31 193
59 160 82
60 17 155
61 50 129
62 15 195
63 120 17
64 16 43
65 95 154
66 181 128
67 105 52
68 73 46
69 95 180
70 73 189
71 122 159
72 47 150
73 151 71
74 31 88
75 50 65
76 192 71
77 132 115
78 200 55
79 92 29
10000000000
