200
0 6000000145 6000000173
1 6000000073 6000000089
2 6000000016 6000000022
3 6000000187 6000000030
4 6000000148 6000000046
5 6000000116 6000000030
6 6000000141 6000000138
7 3500000159 3500000020
8 3500000059 3500000138
9 3500000017 3500000192
10 3500000075 3500000055
11 3500000181 3500000099
12 3500000108 3500000076
13 3500000081 3500000009
14 2250000152 2250000179
15 2250000172 2250000096
16 2250000182 2250000059
17 2250000080 2250000011
18 2250000193 2250000082
19 2250000025 2250000004
20 2250000143 2250000044
21 1625000050 1625000063
22 1625000062 1625000048
23 1625000156 1625000034
24 1625000144 1625000069
25 1625000127 1625000171
26 1625000073 1625000034
27 1625000119 1625000018
28 1312500086 1312500064
29 1312500124 1312500004
30 1312500198 1312500128
31 1312500037 1312500028
32 1312500124 1312500078
33 1312500111 1312500180
34 1312500053 1312500046
35 1156250110 1156250138
36 1156250119 1156250078
37 1156250186 1156250094
38 1156250021 1156250036
39 1156250158 1156250058
40 1156250020 1156250083
41 1156250046 1156250137
42 1078125108 1078125003
43 1078125195 1078125119
44 1078125180 1078125061
45 1078125047 1078125025
46 1078125005 1078125013
47 1078125080 1078125008
48 1078125104 1078125072
49 1039062679 1039062681
50 1039062513 1039062614
51 1039062637 1039062528
52 1039062589 1039062662
53 1039062529 1039062549
54 1039062673 1039062512
55 1039062604 1039062559
56 1019531389 1019531418
57 1019531354 1019531426
58 1019531405 1019531312
59 1019531438 1019531311
60 1019531251 1019531288
61 1019531384 1019531421
62 1019531425 1019531318
63 1009765816 1009765801
64 1009765642 1009765775
65 1009765774 1009765725
66 1009765707 1009765823
67 1009765735 1009765695
68 1009765705 1009765675
69 1009765767 1009765778
70 1004882886 1004882974
71 1004882932 1004882858
72 1004882974 1004882883
73 1004882841 1004882864
74 1004882820 1004882832
75 1004883012 1004882856
76 1004882932 1004882877
77 1002441430 1002441475
78 1002441496 1002441483
79 1002441407 1002441519
80 1002441588 1002441581
81 1002441521 1002441571
82 1002441521 1002441449
83 1002441480 1002441526
84 1001220813 1001220732
85 1001220806 1001220853
86 1001220714 1001220844
87 1001220779 1001220867
88 1001220710 1001220779
89 1001220821 1001220883
90 1001220849 1001220712
91 31 39
92 4 75
93 35 112
94 91 118
95 95 60
96 24 96
97 64 168
98 167 191
99 159 13
100 135 195
101 162 83
102 64 142
103 22 8
104 163 33
105 125 50
106 36 190
107 155 185
108 82 52
109 96 111
110 194 47
111 185 22
112 29 27
113 151 136
114 182 168
115 197 99
116 196 29
117 58 108
118 123 131
119 174 103
120 163 158
121 92 146
122 179 77
123 83 100
124 19 160
125 75 189
126 20 107
127 78 192
128 99 33
129 53 102
130 84 5
131 74 29
132 178 46
133 35 178
134 127 64
135 77 108
136 173 189
137 193 165
138 73 110
139 66 41
140 17 102
141 28 39
142 146 199
143 60 37
144 195 32
145 46 74
146 140 135
147 4 113
148 122 15
149 164 92
150 98 19
151 5 20
152 53 90
153 43 118
154 10 129
155 112 76
156 58 76
157 9 173
158 55 43
159 54 109
160 24 191
161 139 136
162 126 36
163 152 39
164 99 8
165 64 85
166 64 12
167 139 125
168 11 111
169 3 102
170 81 198
171 120 79
172 91 9
173 7 193
174 191 70
175 184 136
176 49 165
177 4 85
178 39 42
179 180 65
180 158 54
181 67 118
182 172 61
183 37 81
184 124 9
185 165 151
186 86 131
187 21 116
188 128 47
189 83 105
190 173 14
191 106 180
192 70 176
193 69 85
194 179 121
195 143 162
196 165 103
197 155 109
198 14 66
199 128 21
10000000000
