120
0 6000000174 6000000064
1 6000000120 6000000164
2 6000000044 6000000119
3 6000000115 6000000089
4 3500000166 3500000090
5 3500000010 3500000152
6 3500000113 3500000155
7 3500000068 3500000177
8 2250000094 2250000076
9 2250000074 2250000023
10 2250000063 2250000138
11 2250000164 2250000102
12 1625000128 1625000092
13 1625000103 1625000192
14 1625000086 1625000182
15 1625000132 1625000049
16 1312500025 1312500186
17 1312500130 1312500160
18 1312500013 1312500083
19 1312500122 1312500118
20 1156250156 1156250195
21 1156250105 1156250193
22 1156250028 1156250095
23 1156250164 1156250143
24 1078125045 1078125010
25 1078125107 1078125005
26 1078125182 1078125120
27 1078125029 1078125078
28 1039062608 1039062699
29 1039062530 1039062620
30 1039062549 1039062564
31 1039062540 1039062679
32 1019531295 1019531278
33 1019531286 1019531394
34 1019531318 1019531416
35 1019531305 1019531363
36 1009765650 1009765821
37 1009765726 1009765754
38 1009765725 1009765820
39 1009765775 1009765817
40 1004882914 1004882934
41 1004882887 1004882821
42 1004883001 1004882906
43 1004883007 1004882913
44 1002441481 1002441480
45 1002441478 1002441552
46 1002441433 1002441586
47 1002441564 1002441550
48 1001220815 1001220740
49 1001220900 1001220745
50 1001220730 1001220732
51 1001220802 1001220777
52 11 95
53 35 156
54 83 93
55 112 108
56 79 59
57 115 138
58 20 152
59 16 176
60 116 192
61 185 174
62 183 100
63 31 170
64 15 144
65 82 80
66 195 175
67 161 94
68 153 182
69 92 56
70 82 63
71 82 69
72 44 186
73 120 100
74 46 107
75 98 53
76 29 143
77 169 101
78 139 3
79 76 78
80 12 132
81 136 36
82 180 85
83 175 59
84 186 172
85 141 62
86 75 121
87 195 51
88 188 199
89 52 92
90 74 85
91 94 126
92 100 172
93 56 65
94 70 135
95 122 163
96 67 64
97 142 95
98 20 91
99 76 196
100 5 177
101 114 131
102 12 115
103 121 53
104 25 197
105 44 132
106 54 44
107 88 138
108 158 144
109 122 93
110 35 78
111 125 8
112 111 126
113 77 150
114 48 88
115 147 186
116 73 38
117 164 103
118 91 125
119 190 37
10000000000
