150
0 6000000007 6000000133
1 6000000190 6000000171
2 6000000193 6000000069
3 6000000078 6000000094
4 6000000093 6000000165
5 3500000065 3500000194
6 3500000179 3500000125
7 3500000013 3500000085
8 3500000113 3500000152
9 3500000134 3500000026
10 2250000072 2250000057
11 2250000010 2250000173
12 2250000016 2250000108
13 2250000144 2250000040
14 2250000109 2250000047
15 1625000126 1625000117
16 1625000010 1625000181
17 1625000108 1625000008
18 1625000048 1625000131
19 1625000066 1625000100
20 1312500162 1312500067
21 1312500106 1312500108
22 1312500176 1312500141
23 1312500009 1312500151
24 1312500029 1312500128
25 1156250119 1156250104
26 1156250158 1156250049
27 1156250034 1156250196
28 1156250072 1156250024
29 1156250011 1156250184
30 1078125164 1078125056
31 1078125149 1078125118
32 1078125031 1078125003
33 1078125053 1078125067
34 1078125093 1078125130
35 1039062574 1039062510
36 1039062637 1039062673
37 1039062531 1039062618
38 1039062696 1039062640
39 1039062535 1039062606
40 1019531290 1019531330
41 1019531392 1019531355
42 1019531390 1019531280
43 1019531325 1019531439
44 1019531448 1019531353
45 1009765816 1009765791
46 1009765685 1009765669
47 1009765664 1009765632
48 1009765709 1009765666
49 1009765786 1009765697
50 1004882989 1004882955
51 1004882867 1004882856
52 1004882972 1004882864
53 1004882964 1004882974
54 1004882976 1004882921
55 1002441465 1002441518
56 1002441442 1002441592
57 1002441535 1002441508
58 1002441483 1002441543
59 1002441477 1002441533
60 1001220752 1001220745
61 1001220897 1001220737
62 1001220827 1001220722
63 1001220782 1001220724
64 1001220832 1001220859
65 106 192
66 45 102
67 54 27
68 22 141
69 6 81
70 117 18
71 143 153
72 186 140
73 82 29
74 58 158
75 110 178
76 37 19
77 3 33
78 55 181
79 154 24
80 90 191
81 25 124
82 125 22
83 127 142
84 63 172
85 46 179
86 98 192
87 142 15
88 109 112
89 177 106
90 165 84
91 30 4
92 111 94
93 129 3
94 105 119
95 21 183
96 154 126
97 158 91
98 144 44
99 16 89
100 146 16
101 34 29
102 14 56
103 155 120
104 53 151
105 167 70
106 173 112
107 86 51
108 173 98
109 36 2
110 147 116
111 110 126
112 48 189
113 169 162
114 3 143
115 190 119
116 37 45
117 11 15
118 77 102
119 168 183
120 101 23
121 118 105
122 52 76
123 98 192
124 24 95
125 40 151
126 4 141
127 60 138
128 135 96
129 135 70
130 60 185
131 141 33
132 73 25
133 174 4
134 44 150
135 92 144
136 48 82
137 32 81
138 33 20
139 27 151
140 163 98
141 142 43
142 73 153
143 110 147
144 15 106
145 75 188
146 95 68
147 161 146
148 63 113
149 104 154
10000000000
